# sheep mapping 1.0
# tile number   close-neighbors     vertex-neighbors
1   2,5     4,6,7
2   1,3,7   5,6,8
3   2,8     7,1,10
4   5       1,6,12,11
5   1,4,6   2,7,11,12
6   5,12,7  1,2,13,4,11
7   2,6,8,13    1,3,5,12,9,14,18,16,17
8   7,3,9,10    2,13,16,17,18,14
9   8,10,14     7,13,16,17,18
10  8,9     3,14
11  12,15   4,13,16,19
12  6,11,13 4,5,7,15,16
13  12,7,16 11,15,6,8,9,14,18,17
14  9,18    10,8,7,13,16,17,23
15  11,16,19,20     12,13,17,21
16  15,13,17    11,12,7,8,9,14,18,20,21
17  16,18,21    15,20,22,23,14,9,8,7,13
18  14,17,23    9,8,7,13,16,21,22
19  15,20,25,26 11,28,27,24,21
20  19,15,21    16,17,28,26,27
21  20,17,22,29,28  15,16,18,23,30,31,19,26,27
22  21,23,31    17,18,29,30
23  18,22   17,21,14,31
24  25,32   19,39,33,36,35,26
25  19,24,26    32,33,35,36
26  25,19,27,33 20,21,28,34,24,32,35,36
27  26,28,34    19,20,21,29,30,33
28  27,21,29    19,20,26,34,30
29  21,28,30    22,34,27
30  29,31,34    21,22,27,28
31  22,30   23,21,29,34
32  24,35,39    25,26,33,36
33  26,34,36    24,25,32,35,27,37
34  30,27,33,37 31,28,29,26,36
35  32,36,41    39,40,24,25,26,33,37,42,43
36  33,35,37    32,24,25,26,34,41,42,43
37  34,38,43,36 35,41,42,33
38  37,43   42
39  32,40   35,41
40  39,41   32,35,42
41  39,40,35,42 32,36,37,43
42  41,43   38,35,36,40,37